links,link,title,title_detail,summary,summary_detail,published,published_parsed,id,guidislink
"[{'rel': 'alternate', 'type': 'text/html', 'href': 'http://www.lemonde.fr/scenes/article/2016/01/22/alain-rigout-choregraphe-singulier-est-mort_4851688_1654999.html'}, {'type': 'image/jpeg', 'length': '23208', 'href': 'http://s1.lemde.fr/image/2016/01/22/644x322/4851687_3_84ed_le-choregraphe-et-metteur-en-scene-alain-rigout_2df9c599e60f4c46478018d4fec3d0a1.jpg', 'rel': 'enclosure'}]",http://www.lemonde.fr/scenes/article/2016/01/22/alain-rigout-choregraphe-singulier-est-mort_4851688_1654999.html,"Alain Rigout, chorégraphe singulier, est mort","{'type': 'text/plain', 'language': None, 'base': 'http://web.archive.org/web/20160122120632/http://www.lemonde.fr/disparitions/rss_full.xml', 'value': 'Alain Rigout, chorégraphe singulier, est mort'}","Cette figure de la danse des années 1980 a croisé dans ses pièces simplicité et technique, culture savante et populaire.","{'type': 'text/html', 'language': None, 'base': 'http://web.archive.org/web/20160122120632/http://www.lemonde.fr/disparitions/rss_full.xml', 'value': 'Cette figure de la danse des années 1980 a croisé dans ses pièces simplicité et technique, culture savante et populaire.'}","Fri, 22 Jan 2016 10:12:21 +0100","time.struct_time(tm_year=2016, tm_mon=1, tm_mday=22, tm_hour=9, tm_min=12, tm_sec=21, tm_wday=4, tm_yday=22, tm_isdst=0)",http://www.lemonde.fr/tiny/4851688/,False
"[{'rel': 'alternate', 'type': 'text/html', 'href': 'http://www.lemonde.fr/culture/video/2016/01/21/rome-rend-hommage-a-ettore-scola_4851469_3246.html'}, {'type': 'image/jpeg', 'length': '28563', 'href': 'http://s2.lemde.fr/image/2016/01/21/644x322/4851470_3_54ec_le-cercueil-d-ettore-scola-a-la-maison-du_1abcbaa8d168159b3f312dd1a2ed708f.jpg', 'rel': 'enclosure'}]",http://www.lemonde.fr/culture/video/2016/01/21/rome-rend-hommage-a-ettore-scola_4851469_3246.html,Rome rend hommage à Ettore Scola,"{'type': 'text/plain', 'language': None, 'base': 'http://web.archive.org/web/20160122120632/http://www.lemonde.fr/disparitions/rss_full.xml', 'value': 'Rome rend hommage à Ettore Scola'}","La capitale italienne a célébré, jeudi 21 janvier, le « Maestro » à la Maison du cinéma. Le corps du réalisateur, mort à 84 ans, sera exposé jusqu’à vendredi.","{'type': 'text/html', 'language': None, 'base': 'http://web.archive.org/web/20160122120632/http://www.lemonde.fr/disparitions/rss_full.xml', 'value': 'La capitale italienne a célébré, jeudi 21\xa0janvier, le «\xa0Maestro\xa0» à la Maison du cinéma. Le corps du réalisateur, mort à 84 ans, sera exposé jusqu’à vendredi.'}","Thu, 21 Jan 2016 18:42:21 +0100","time.struct_time(tm_year=2016, tm_mon=1, tm_mday=21, tm_hour=17, tm_min=42, tm_sec=21, tm_wday=3, tm_yday=21, tm_isdst=0)",http://www.lemonde.fr/tiny/4851469/,False
"[{'rel': 'alternate', 'type': 'text/html', 'href': 'http://www.lemonde.fr/disparitions/article/2016/01/21/edmonde-charles-roux-marseille-en-heritage_4850832_3382.html'}, {'type': 'image/jpeg', 'length': '26320', 'href': 'http://s1.lemde.fr/image/2016/01/21/644x322/4850831_3_9450_edmonde-charles-roux-a-paris-le-7-janvier-2014_7e73473ba24b2b845cff592c678157d1.jpg', 'rel': 'enclosure'}]",http://www.lemonde.fr/disparitions/article/2016/01/21/edmonde-charles-roux-marseille-en-heritage_4850832_3382.html,Edmonde Charles-Roux : Marseille en héritage,"{'type': 'text/plain', 'language': None, 'base': 'http://web.archive.org/web/20160122120632/http://www.lemonde.fr/disparitions/rss_full.xml', 'value': 'Edmonde Charles-Roux\xa0: Marseille en héritage'}","Première dame de la cité phocéenne, la romancière avait épousé Gaston Defferre – « un animal politique » – dont elle parla toujours avec une affection émue.","{'type': 'text/html', 'language': None, 'base': 'http://web.archive.org/web/20160122120632/http://www.lemonde.fr/disparitions/rss_full.xml', 'value': 'Première dame de la cité phocéenne, la romancière avait épousé Gaston Defferre – «\xa0un animal politique\xa0» – dont elle parla toujours avec une affection émue.'}","Thu, 21 Jan 2016 08:36:03 +0100","time.struct_time(tm_year=2016, tm_mon=1, tm_mday=21, tm_hour=7, tm_min=36, tm_sec=3, tm_wday=3, tm_yday=21, tm_isdst=0)",http://www.lemonde.fr/tiny/4850832/,False
"[{'rel': 'alternate', 'type': 'text/html', 'href': 'http://www.lemonde.fr/disparitions/article/2016/01/21/mort-d-edmonde-charles-roux-journaliste-et-romanciere_4850818_3382.html'}, {'type': 'image/jpeg', 'length': '56905', 'href': 'http://s2.lemde.fr/image/2016/01/21/644x322/4851251_3_510b_l-ecrivaine-edmonde-charles-roux-membre-et_f10e42f95104036910baa1ea555203c8.jpg', 'rel': 'enclosure'}]",http://www.lemonde.fr/disparitions/article/2016/01/21/mort-d-edmonde-charles-roux-journaliste-et-romanciere_4850818_3382.html,La romancière Edmonde Charles-Roux est morte,"{'type': 'text/plain', 'language': None, 'base': 'http://web.archive.org/web/20160122120632/http://www.lemonde.fr/disparitions/rss_full.xml', 'value': 'La romancière Edmonde Charles-Roux est morte'}","La journaliste et femme de lettres, âgée de 95 ans, avait reçu le prix Goncourt en 1966 pour « Oublier Palerme ».","{'type': 'text/html', 'language': None, 'base': 'http://web.archive.org/web/20160122120632/http://www.lemonde.fr/disparitions/rss_full.xml', 'value': 'La journaliste et femme de lettres, âgée de 95 ans, avait reçu le prix Goncourt en 1966 pour\xa0«\xa0Oublier Palerme\xa0».'}","Thu, 21 Jan 2016 08:24:06 +0100","time.struct_time(tm_year=2016, tm_mon=1, tm_mday=21, tm_hour=7, tm_min=24, tm_sec=6, tm_wday=3, tm_yday=21, tm_isdst=0)",http://www.lemonde.fr/tiny/4850818/,False
"[{'rel': 'alternate', 'type': 'text/html', 'href': 'http://www.lemonde.fr/cinema/article/2016/01/19/le-realisateur-italien-ettore-scola-est-mort-a-l-age-de-84-ans_4850070_3476.html'}, {'type': 'image/jpeg', 'length': '36688', 'href': 'http://s1.lemde.fr/image/2016/01/20/644x322/4850206_3_c991_ettore-scola-a-cannes-en-1982_bef0393b49d357ce27ea538a70c653d3.jpg', 'rel': 'enclosure'}]",http://www.lemonde.fr/cinema/article/2016/01/19/le-realisateur-italien-ettore-scola-est-mort-a-l-age-de-84-ans_4850070_3476.html,"Mort d’Ettore Scola, maître du grotesque et des regrets","{'type': 'text/plain', 'language': None, 'base': 'http://web.archive.org/web/20160122120632/http://www.lemonde.fr/disparitions/rss_full.xml', 'value': 'Mort d’Ettore Scola, maître du grotesque et des regrets'}","Le cinéaste italien (« Nous nous sommes tant aimés », « Une journée particulière » et « Le Bal ») s’est éteint à 84 ans.","{'type': 'text/html', 'language': None, 'base': 'http://web.archive.org/web/20160122120632/http://www.lemonde.fr/disparitions/rss_full.xml', 'value': 'Le cinéaste italien («\xa0Nous nous sommes tant aimés\xa0», «\xa0Une journée particulière\xa0» et «\xa0Le Bal\xa0») s’est éteint à 84\xa0ans.'}","Tue, 19 Jan 2016 23:05:11 +0100","time.struct_time(tm_year=2016, tm_mon=1, tm_mday=19, tm_hour=22, tm_min=5, tm_sec=11, tm_wday=1, tm_yday=19, tm_isdst=0)",http://www.lemonde.fr/tiny/4850070/,False
"[{'rel': 'alternate', 'type': 'text/html', 'href': 'http://www.lemonde.fr/disparitions/video/2016/01/19/michel-tournier-prix-goncourt-1970_4849729_3382.html'}, {'type': 'image/jpeg', 'length': '42594', 'href': 'http://s2.lemde.fr/image/2016/01/19/644x322/4849727_3_6873_files-this-file-photo-taken-on-november-01_53212e15378fe09975071d9b99385331.jpg', 'rel': 'enclosure'}]",http://www.lemonde.fr/disparitions/video/2016/01/19/michel-tournier-prix-goncourt-1970_4849729_3382.html,"Michel Tournier, Prix Goncourt 1970","{'type': 'text/plain', 'language': None, 'base': 'http://web.archive.org/web/20160122120632/http://www.lemonde.fr/disparitions/rss_full.xml', 'value': 'Michel Tournier, Prix Goncourt\xa01970'}","Le « Roi des aulnes » valut à son auteur le prix littéraire, attribué à l’unanimité par les dix commensaux du restaurant Drouant.","{'type': 'text/html', 'language': None, 'base': 'http://web.archive.org/web/20160122120632/http://www.lemonde.fr/disparitions/rss_full.xml', 'value': 'Le «\xa0Roi des aulnes\xa0» valut à son auteur le prix littéraire, attribué à l’unanimité par les dix commensaux du restaurant Drouant.'}","Tue, 19 Jan 2016 11:44:36 +0100","time.struct_time(tm_year=2016, tm_mon=1, tm_mday=19, tm_hour=10, tm_min=44, tm_sec=36, tm_wday=1, tm_yday=19, tm_isdst=0)",http://www.lemonde.fr/tiny/4849729/,False
"[{'rel': 'alternate', 'type': 'text/html', 'href': 'http://www.lemonde.fr/cinema/article/2016/01/19/l-acteur-franco-citti-revele-par-accatone-est-mort_4849653_3476.html'}, {'type': 'image/jpeg', 'length': '26897', 'href': 'http://s1.lemde.fr/image/2016/01/19/644x322/4849651_3_6b0b_franco-citti-dans-accatone-de-pier-paolo_0d97e66b2ac599ef5db90ed4327e9310.jpg', 'rel': 'enclosure'}]",http://www.lemonde.fr/cinema/article/2016/01/19/l-acteur-franco-citti-revele-par-accatone-est-mort_4849653_3476.html,"L’acteur Franco Citti, révélé par « Accatone », est mort","{'type': 'text/plain', 'language': None, 'base': 'http://web.archive.org/web/20160122120632/http://www.lemonde.fr/disparitions/rss_full.xml', 'value': 'L’acteur Franco Citti, révélé par «\xa0Accatone\xa0», est mort'}","Découvert par Pier Paolo Pasolini, le comédien italien à la grâce sauvage s’est éteint à l’âge de 80 ans.","{'type': 'text/html', 'language': None, 'base': 'http://web.archive.org/web/20160122120632/http://www.lemonde.fr/disparitions/rss_full.xml', 'value': 'Découvert par Pier Paolo Pasolini, le comédien italien à la grâce sauvage s’est éteint à l’âge de 80 ans.'}","Tue, 19 Jan 2016 10:57:58 +0100","time.struct_time(tm_year=2016, tm_mon=1, tm_mday=19, tm_hour=9, tm_min=57, tm_sec=58, tm_wday=1, tm_yday=19, tm_isdst=0)",http://www.lemonde.fr/tiny/4849653/,False
"[{'rel': 'alternate', 'type': 'text/html', 'href': 'http://www.lemonde.fr/arts/article/2016/01/19/la-mort-de-gottfried-honegger-artiste-qui-voulait-changer-le-monde_4849568_1655012.html'}, {'type': 'image/jpeg', 'length': '18603', 'href': 'http://s2.lemde.fr/image/2016/01/19/644x322/4849567_3_1c52_le-sculpteur-et-peintre-gottfried-honegger-lors_0c417a9148dd212d2aa70e40782e5e6e.jpg', 'rel': 'enclosure'}]",http://www.lemonde.fr/arts/article/2016/01/19/la-mort-de-gottfried-honegger-artiste-qui-voulait-changer-le-monde_4849568_1655012.html,"Mort de Gottfried Honegger, un artiste qui voulait changer le monde","{'type': 'text/plain', 'language': None, 'base': 'http://web.archive.org/web/20160122120632/http://www.lemonde.fr/disparitions/rss_full.xml', 'value': 'Mort de Gottfried Honegger, un artiste qui voulait changer le monde'}","Chantre de l’art concret, il avait répondu à de nombreuses commandes publiques.","{'type': 'text/html', 'language': None, 'base': 'http://web.archive.org/web/20160122120632/http://www.lemonde.fr/disparitions/rss_full.xml', 'value': 'Chantre de l’art concret, il avait répondu à de nombreuses commandes publiques.'}","Tue, 19 Jan 2016 09:41:37 +0100","time.struct_time(tm_year=2016, tm_mon=1, tm_mday=19, tm_hour=8, tm_min=41, tm_sec=37, tm_wday=1, tm_yday=19, tm_isdst=0)",http://www.lemonde.fr/tiny/4849568/,False
"[{'rel': 'alternate', 'type': 'text/html', 'href': 'http://www.lemonde.fr/livres/article/2016/01/19/mort-de-michel-tournier-francois-hollande-salue-un-grand-ecrivain-a-l-immense-talent_4849395_3260.html'}, {'type': 'image/jpeg', 'length': '50703', 'href': 'http://s1.lemde.fr/image/2016/01/19/644x322/4849398_3_359e_michel-tournier-le-4-avril-2005_f03807767acdcb0a3cf965d34fc9153d.jpg', 'rel': 'enclosure'}]",http://www.lemonde.fr/livres/article/2016/01/19/mort-de-michel-tournier-francois-hollande-salue-un-grand-ecrivain-a-l-immense-talent_4849395_3260.html,Mort de Michel Tournier : François Hollande salue « un grand écrivain à l’immense talent »,"{'type': 'text/plain', 'language': None, 'base': 'http://web.archive.org/web/20160122120632/http://www.lemonde.fr/disparitions/rss_full.xml', 'value': 'Mort de Michel Tournier\xa0: François Hollande salue «\xa0un grand écrivain à l’immense talent\xa0»'}","« Michel Tournier a rejoint ce soir les grands noms de l’histoire et des mythes dont il a été le génial romancier », a déclaré Bernard Pivot.","{'type': 'text/html', 'language': None, 'base': 'http://web.archive.org/web/20160122120632/http://www.lemonde.fr/disparitions/rss_full.xml', 'value': '«\xa0Michel Tournier a rejoint ce soir les grands noms de l’histoire et des mythes dont il a été le génial romancier\xa0», a déclaré Bernard Pivot.'}","Tue, 19 Jan 2016 01:13:35 +0100","time.struct_time(tm_year=2016, tm_mon=1, tm_mday=19, tm_hour=0, tm_min=13, tm_sec=35, tm_wday=1, tm_yday=19, tm_isdst=0)",http://www.lemonde.fr/tiny/4849395/,False
"[{'rel': 'alternate', 'type': 'text/html', 'href': 'http://www.lemonde.fr/disparitions/article/2016/01/19/mort-de-glenn-frey-guitariste-du-groupe-eagles_4849391_3382.html'}, {'type': 'image/jpeg', 'length': '36162', 'href': 'http://s2.lemde.fr/image/2016/01/19/644x322/4849389_3_cafb_le-groupe-dont-glenn-frey-ici-en-2010-etait_d518dcb0a796a41f31728811d8879553.jpg', 'rel': 'enclosure'}]",http://www.lemonde.fr/disparitions/article/2016/01/19/mort-de-glenn-frey-guitariste-du-groupe-eagles_4849391_3382.html,"Mort de Glenn Frey, guitariste et chanteur des Eagles","{'type': 'text/plain', 'language': None, 'base': 'http://web.archive.org/web/20160122120632/http://www.lemonde.fr/disparitions/rss_full.xml', 'value': 'Mort de Glenn Frey, guitariste et chanteur des Eagles'}","Le co-compositeur de plusieurs tubes du groupe américain, dont « Hotel California », est décédé à l’âge de 67 ans.","{'type': 'text/html', 'language': None, 'base': 'http://web.archive.org/web/20160122120632/http://www.lemonde.fr/disparitions/rss_full.xml', 'value': 'Le co-compositeur de plusieurs tubes du groupe américain, dont «\xa0Hotel California\xa0», est décédé à l’âge de 67 ans.'}","Tue, 19 Jan 2016 00:10:57 +0100","time.struct_time(tm_year=2016, tm_mon=1, tm_mday=18, tm_hour=23, tm_min=10, tm_sec=57, tm_wday=0, tm_yday=18, tm_isdst=0)",http://www.lemonde.fr/tiny/4849391/,False
"[{'rel': 'alternate', 'type': 'text/html', 'href': 'http://www.lemonde.fr/disparitions/article/2016/01/18/michel-tournier-en-7-dates_4849382_3382.html'}]",http://www.lemonde.fr/disparitions/article/2016/01/18/michel-tournier-en-7-dates_4849382_3382.html,Michel Tournier en 7 dates,"{'type': 'text/plain', 'language': None, 'base': 'http://web.archive.org/web/20160122120632/http://www.lemonde.fr/disparitions/rss_full.xml', 'value': 'Michel Tournier en 7 dates'}",,"{'type': 'text/html', 'language': None, 'base': 'http://web.archive.org/web/20160122120632/http://www.lemonde.fr/disparitions/rss_full.xml', 'value': ''}","Mon, 18 Jan 2016 21:57:53 +0100","time.struct_time(tm_year=2016, tm_mon=1, tm_mday=18, tm_hour=20, tm_min=57, tm_sec=53, tm_wday=0, tm_yday=18, tm_isdst=0)",http://www.lemonde.fr/tiny/4849382/,False
"[{'rel': 'alternate', 'type': 'text/html', 'href': 'http://www.lemonde.fr/disparitions/article/2016/01/18/l-ecrivain-michel-tournier-est-mort-a-l-age-de-91-ans_4849379_3382.html'}, {'type': 'image/jpeg', 'length': '48350', 'href': 'http://s1.lemde.fr/image/2016/01/19/644x322/4849396_3_6be0_l-ecrivain-michel-tournier-a-son-domicile-de-c_805edceddcc6fe7b8d21799e82148d16.jpg', 'rel': 'enclosure'}]",http://www.lemonde.fr/disparitions/article/2016/01/18/l-ecrivain-michel-tournier-est-mort-a-l-age-de-91-ans_4849379_3382.html,L’écrivain Michel Tournier est mort à l’âge de 91 ans,"{'type': 'text/plain', 'language': None, 'base': 'http://web.archive.org/web/20160122120632/http://www.lemonde.fr/disparitions/rss_full.xml', 'value': 'L’écrivain Michel Tournier est mort à l’âge de 91\xa0ans'}","Le romancier s’est éteint lundi à son domicile de Choisel. En 1970, « Le Roi des aulnes » avait remporté le prix Goncourt.","{'type': 'text/html', 'language': None, 'base': 'http://web.archive.org/web/20160122120632/http://www.lemonde.fr/disparitions/rss_full.xml', 'value': 'Le romancier s’est éteint lundi à son domicile de Choisel. En\xa01970, «\xa0Le Roi des aulnes\xa0» avait remporté le prix Goncourt.'}","Mon, 18 Jan 2016 21:51:46 +0100","time.struct_time(tm_year=2016, tm_mon=1, tm_mday=18, tm_hour=20, tm_min=51, tm_sec=46, tm_wday=0, tm_yday=18, tm_isdst=0)",http://www.lemonde.fr/tiny/4849379/,False
"[{'rel': 'alternate', 'type': 'text/html', 'href': 'http://www.lemonde.fr/musiques/article/2016/01/18/clarence-reid-rappeur-americain-en-costume-de-super-heros-a-paillettes-est-mort_4849182_1654986.html'}, {'type': 'image/jpeg', 'length': '36629', 'href': 'http://s2.lemde.fr/image/2016/01/18/644x322/4849179_3_fa27_le-rappeur-americain-clarence-reid-plus-connu_7060fe8e17e278e5253684cc4c216df0.jpg', 'rel': 'enclosure'}]",http://www.lemonde.fr/musiques/article/2016/01/18/clarence-reid-rappeur-americain-en-costume-de-super-heros-a-paillettes-est-mort_4849182_1654986.html,Le rappeur américain Clarence Reid est mort,"{'type': 'text/plain', 'language': None, 'base': 'http://web.archive.org/web/20160122120632/http://www.lemonde.fr/disparitions/rss_full.xml', 'value': 'Le rappeur américain Clarence Reid est mort'}","Plus connu sous le nom de Blowfly, âgé de 76 ans, il a été décrit comme « l’un des premiers rappeurs » par « Rolling Stone ».","{'type': 'text/html', 'language': None, 'base': 'http://web.archive.org/web/20160122120632/http://www.lemonde.fr/disparitions/rss_full.xml', 'value': 'Plus connu sous le nom de Blowfly, âgé de 76 ans, il a été décrit comme «\xa0l’un des premiers rappeurs\xa0» par «\xa0Rolling Stone\xa0».'}","Mon, 18 Jan 2016 14:59:21 +0100","time.struct_time(tm_year=2016, tm_mon=1, tm_mday=18, tm_hour=13, tm_min=59, tm_sec=21, tm_wday=0, tm_yday=18, tm_isdst=0)",http://www.lemonde.fr/tiny/4849182/,False
"[{'rel': 'alternate', 'type': 'text/html', 'href': 'http://www.lemonde.fr/arts/article/2016/01/18/l-artiste-suisse-gottfried-honegger-est-mort_4849165_1655012.html'}, {'type': 'image/jpeg', 'length': '18499', 'href': 'http://s1.lemde.fr/image/2016/01/18/644x322/4849163_3_d5d2_gottfried-honegger-en-octobre-2009-a-l_697496ba0490fec382b0b8a162811982.jpg', 'rel': 'enclosure'}]",http://www.lemonde.fr/arts/article/2016/01/18/l-artiste-suisse-gottfried-honegger-est-mort_4849165_1655012.html,Mort de l’artiste suisse Gottfried Honegger,"{'type': 'text/plain', 'language': None, 'base': 'http://web.archive.org/web/20160122120632/http://www.lemonde.fr/disparitions/rss_full.xml', 'value': 'Mort de l’artiste suisse Gottfried Honegger'}","Le peintre et sculpteur, auquel le Centre Pompidou a consacré une rétrospective l’été dernier, était âgé de 98 ans.","{'type': 'text/html', 'language': None, 'base': 'http://web.archive.org/web/20160122120632/http://www.lemonde.fr/disparitions/rss_full.xml', 'value': 'Le peintre et sculpteur, auquel le Centre Pompidou a consacré une rétrospective l’été dernier, était âgé de 98 ans.'}","Mon, 18 Jan 2016 14:43:19 +0100","time.struct_time(tm_year=2016, tm_mon=1, tm_mday=18, tm_hour=13, tm_min=43, tm_sec=19, tm_wday=0, tm_yday=18, tm_isdst=0)",http://www.lemonde.fr/tiny/4849165/,False
"[{'rel': 'alternate', 'type': 'text/html', 'href': 'http://www.lemonde.fr/musiques/article/2016/01/18/le-parolier-hubert-giraud-pere-de-mamy-blue-est-mort_4849097_1654986.html'}, {'type': 'image/jpeg', 'length': '24065', 'href': 'http://s2.lemde.fr/image/2016/01/18/644x322/4849096_3_43ef_pochette-de-l-album-hubert-giraud-chante-ses_8e4d12b2081b3f9b177a7bd93266c15e.jpg', 'rel': 'enclosure'}]",http://www.lemonde.fr/musiques/article/2016/01/18/le-parolier-hubert-giraud-pere-de-mamy-blue-est-mort_4849097_1654986.html,"Le parolier Hubert Giraud, « père » de « Mamy Blue », est mort","{'type': 'text/plain', 'language': None, 'base': 'http://web.archive.org/web/20160122120632/http://www.lemonde.fr/disparitions/rss_full.xml', 'value': 'Le parolier Hubert Giraud, «\xa0père\xa0» de «\xa0Mamy Blue\xa0», est mort'}",Le compositeur et auteur de chansons s’est éteint à Montreux (Suisse) à l’âge de 95 ans.,"{'type': 'text/html', 'language': None, 'base': 'http://web.archive.org/web/20160122120632/http://www.lemonde.fr/disparitions/rss_full.xml', 'value': 'Le compositeur et auteur de chansons s’est éteint à Montreux (Suisse) à l’âge de 95 ans.'}","Mon, 18 Jan 2016 12:05:00 +0100","time.struct_time(tm_year=2016, tm_mon=1, tm_mday=18, tm_hour=11, tm_min=5, tm_sec=0, tm_wday=0, tm_yday=18, tm_isdst=0)",http://www.lemonde.fr/tiny/4849097/,False
"[{'rel': 'alternate', 'type': 'text/html', 'href': 'http://www.lemonde.fr/disparitions/article/2016/01/17/apres-son-mari-celine-dion-perd-un-frere_4848703_3382.html'}, {'type': 'image/jpeg', 'length': '26960', 'href': 'http://s1.lemde.fr/image/2016/01/17/644x322/4848702_3_4c7b_apres-la-mort-jeudi-de-rene-angelil-a-l-a_885167bec44dfa95e16dee6a9ac9f8d9.jpg', 'rel': 'enclosure'}]",http://www.lemonde.fr/disparitions/article/2016/01/17/apres-son-mari-celine-dion-perd-un-frere_4848703_3382.html,"Après son mari, Céline Dion perd un frère","{'type': 'text/plain', 'language': None, 'base': 'http://web.archive.org/web/20160122120632/http://www.lemonde.fr/disparitions/rss_full.xml', 'value': 'Après son mari, Céline Dion perd un frère'}",,"{'type': 'text/html', 'language': None, 'base': 'http://web.archive.org/web/20160122120632/http://www.lemonde.fr/disparitions/rss_full.xml', 'value': ''}","Sun, 17 Jan 2016 09:40:32 +0100","time.struct_time(tm_year=2016, tm_mon=1, tm_mday=17, tm_hour=8, tm_min=40, tm_sec=32, tm_wday=6, tm_yday=17, tm_isdst=0)",http://www.lemonde.fr/tiny/4848703/,False
"[{'rel': 'alternate', 'type': 'text/html', 'href': 'http://www.lemonde.fr/disparitions/article/2016/01/16/mort-de-pedro-miret-un-des-derniers-survivants-de-la-vieille-garde-revolutionnaire-cubaine_4848349_3382.html'}, {'type': 'image/jpeg', 'length': '32499', 'href': 'http://s2.lemde.fr/image/2016/01/16/644x322/4848348_3_2aed_pedro-miret-troisieme-en-partant-de-la_fbb5824b1571b7891603b0fc4b89084e.jpg', 'rel': 'enclosure'}]",http://www.lemonde.fr/disparitions/article/2016/01/16/mort-de-pedro-miret-un-des-derniers-survivants-de-la-vieille-garde-revolutionnaire-cubaine_4848349_3382.html,"Mort de Pedro Miret, un des derniers survivants de la vieille garde révolutionnaire cubaine","{'type': 'text/plain', 'language': None, 'base': 'http://web.archive.org/web/20160122120632/http://www.lemonde.fr/disparitions/rss_full.xml', 'value': 'Mort de Pedro Miret, un des derniers survivants de la vieille garde révolutionnaire cubaine'}",Il a combattu aux côtés des frères Castro pour renverser la dictature de Fulgencio Batista. Il avait 88 ans.,"{'type': 'text/html', 'language': None, 'base': 'http://web.archive.org/web/20160122120632/http://www.lemonde.fr/disparitions/rss_full.xml', 'value': 'Il a combattu aux côtés des frères Castro pour renverser la dictature de Fulgencio Batista. Il avait 88 ans.'}","Sat, 16 Jan 2016 01:30:38 +0100","time.struct_time(tm_year=2016, tm_mon=1, tm_mday=16, tm_hour=0, tm_min=30, tm_sec=38, tm_wday=5, tm_yday=16, tm_isdst=0)",http://www.lemonde.fr/tiny/4848349/,False
"[{'rel': 'alternate', 'type': 'text/html', 'href': 'http://www.lemonde.fr/musiques/article/2016/01/15/pierre-boulez-inhume-a-baden-baden-celebre-a-saint-sulpice_4847798_1654986.html'}, {'type': 'image/jpeg', 'length': '43688', 'href': 'http://s1.lemde.fr/image/2016/01/15/644x322/4847797_3_d03a_le-musicien-daniel-barenboim-jeudi-14-janvier_c0b2a166e0fa2801180ab3586f3cb7a9.jpg', 'rel': 'enclosure'}]",http://www.lemonde.fr/musiques/article/2016/01/15/pierre-boulez-inhume-a-baden-baden-celebre-a-saint-sulpice_4847798_1654986.html,"Pierre Boulez, inhumé à Baden-Baden, célébré à Saint-Sulpice","{'type': 'text/plain', 'language': None, 'base': 'http://web.archive.org/web/20160122120632/http://www.lemonde.fr/disparitions/rss_full.xml', 'value': 'Pierre Boulez, inhumé à Baden-Baden, célébré à Saint-Sulpice'}","Les funérailles du musicien, mort le 5 janvier, ont eu lieu en Allemagne, avant un hommage à Paris le lendemain.","{'type': 'text/html', 'language': None, 'base': 'http://web.archive.org/web/20160122120632/http://www.lemonde.fr/disparitions/rss_full.xml', 'value': 'Les funérailles du musicien, mort le 5\xa0janvier, ont eu lieu en Allemagne, avant un hommage à Paris le lendemain.'}","Fri, 15 Jan 2016 08:31:06 +0100","time.struct_time(tm_year=2016, tm_mon=1, tm_mday=15, tm_hour=7, tm_min=31, tm_sec=6, tm_wday=4, tm_yday=15, tm_isdst=0)",http://www.lemonde.fr/tiny/4847798/,False
"[{'rel': 'alternate', 'type': 'text/html', 'href': 'http://www.lemonde.fr/cinema/article/2016/01/15/mort-de-l-acteur-britannique-alan-rickman_4847742_3476.html'}, {'type': 'image/jpeg', 'length': '22588', 'href': 'http://s2.lemde.fr/image/2016/01/18/644x322/4849106_3_7164_un-hommage-a-l-acteur-britannique-a-la-gare-l_ecdb06022294291fe08e74938796f6f9.jpg', 'rel': 'enclosure'}]",http://www.lemonde.fr/cinema/article/2016/01/15/mort-de-l-acteur-britannique-alan-rickman_4847742_3476.html,L’acteur britannique Alan Rickman est mort,"{'type': 'text/plain', 'language': None, 'base': 'http://web.archive.org/web/20160122120632/http://www.lemonde.fr/disparitions/rss_full.xml', 'value': 'L’acteur britannique Alan Rickman est mort'}","L’interprète de Severus Rogue dans la saga « Harry Potter » est décédé d’un cancer à Londres, à l’âge de 69 ans.","{'type': 'text/html', 'language': None, 'base': 'http://web.archive.org/web/20160122120632/http://www.lemonde.fr/disparitions/rss_full.xml', 'value': 'L’interprète de Severus Rogue dans la saga «\xa0Harry Potter\xa0» est décédé d’un cancer à Londres, à l’âge de 69 ans.'}","Fri, 15 Jan 2016 06:46:04 +0100","time.struct_time(tm_year=2016, tm_mon=1, tm_mday=15, tm_hour=5, tm_min=46, tm_sec=4, tm_wday=4, tm_yday=15, tm_isdst=0)",http://www.lemonde.fr/tiny/4847742/,False
"[{'rel': 'alternate', 'type': 'text/html', 'href': 'http://www.lemonde.fr/disparitions/article/2016/01/14/rene-angelil-le-mari-et-impresario-de-celine-dion-est-mort_4847698_3382.html'}, {'type': 'image/jpeg', 'length': '24486', 'href': 'http://s1.lemde.fr/image/2016/01/14/644x322/4847697_3_a3a8_rene-angelil-en-septembre-1999_7d77ceceaf3371c43d10cbe171107f89.jpg', 'rel': 'enclosure'}]",http://www.lemonde.fr/disparitions/article/2016/01/14/rene-angelil-le-mari-et-impresario-de-celine-dion-est-mort_4847698_3382.html,"René Angélil, mari et imprésario de Céline Dion, est mort","{'type': 'text/plain', 'language': None, 'base': 'http://web.archive.org/web/20160122120632/http://www.lemonde.fr/disparitions/rss_full.xml', 'value': 'René Angélil, mari et imprésario de Céline Dion, est mort'}","L’homme âgé de 73 ans souffrait d’un cancer. Il s’est éteint jeudi à son domicile de Las Vegas, dans le Nevada.","{'type': 'text/html', 'language': None, 'base': 'http://web.archive.org/web/20160122120632/http://www.lemonde.fr/disparitions/rss_full.xml', 'value': 'L’homme âgé de 73 ans souffrait d’un cancer. Il s’est éteint jeudi à son domicile de Las Vegas, dans le Nevada.'}","Thu, 14 Jan 2016 23:44:21 +0100","time.struct_time(tm_year=2016, tm_mon=1, tm_mday=14, tm_hour=22, tm_min=44, tm_sec=21, tm_wday=3, tm_yday=14, tm_isdst=0)",http://www.lemonde.fr/tiny/4847698/,False
